18305 
172031 
5842390 
705498 
56515 
null
805 
9020 
26844 
788106 
1982653 
321544 
95863 
15557 
170127 
1201 
80498 
62650 
1201685 
1207 
9622 
14722867 
38718 
4109149 
15944 
17538290 
810922 
810922 
6371038 
6371038 
624698 
211807 
28882 
609005 
244982 
51928 
2664 
617075 
7654402 
723475 
20204383 
522389 
550094 
5086011 
09933 
9857763 
null
40853 
518230 
3484 
320963 
43213 
9706 
30727 
3212 
676544 
6306932 
2838822 
22917022 
25054 
5375875 
964 
8390 
303047 
399872 
3839 
60171 
37744 
423332 
2063086 
11612254 
63318 
0033969 
38316 
363063 
5672473 
1384640 
37980 
4822 
3297378 
7832840 
34098 
39056 
5257968 
null
962681 
1386625 
31703445 
540912 
3363167 
7912880 
null
787728 
8800724 
3660964 
2831575 
112264 
329712 
8939200 
2774885 
3514 
2644 
8375842 
3323339 
3962 
null
62200 
15200 
39759000 
31956386 
10572860 
266950 
528584 
16917 
5416368 
3000011 
956396 
3530681 
124625 
700668 
288144 
4976 
165654 
1067076 
3481505 
478926 
911418 
null
28390 
2193020 
14231 
208803 
59008 
164418 
196573 
624455 
2300659 
3219167 
2544198 
null
933753 
91790 
4244 
681731 
6630862 
8633703 
1027 
875373 
12269326 
9443 
1250390 
null
54550 
4887109 
13370 
219889 
35838 
219088 
6030574 
121630 
 
2451358 
3275 
null
82243 
68254 
116053 
113547 
18098 
314139 
332094 
84958 
null
23973 
213838 
139565 
1877982 
29261 
null
30160 
19777 
863150 
3560407 
56088 
43926 
1351265 
2558 
89452 
92888 
34997 
216194 
95190 
1108388 
631803 
10178 
65731 
9309 
98112 
378349 
6296 
5619531 
191891 
5178182 
4274507 
132435 
8789 
3539431 
09047 
49769 
3399 
266713 
3118848 
4119915 
31492 
64237 
5022748 
385718 
69302 
55858222 
725260 
152079 
353867 
5236 
948400 
3616288 
48661 
10667302 
4034 
5336331 
285072 
2425933 
7812369 
295139 
46449 
1083940 
107197 
10628 
749990 
027417 
361857 
281673 
76172 
794539 
3438076 
891030 
368920 
7619 
42026 
112239 
5350124 
259 
22655 
42104 
74349 
65030 
2939272 
475663 
87450 
2516533 
2597893 
683 
3727 
75601 
568532 
7717933 
79529 
2775161 
320 
3160845 
20418 
827063 
138500 
8766201 
242740 
4114327 
16544 
30483286 
136 
 
17812 
14671 
null
1285169 
2553573 
130456 
1207375 
1207375 
18960669 
null
7857912 
2021188 
74471 
5507697 
85566 
166991 
224108 
2364176 
6919159 
472 
395933 
5768614 
11401351 
177242 
22994 
378020 
92896 
53126 
0289439 
6357644 
5307 
17579 
578044 
19111879 
173924 
172953 
1275405 
32343 
53093 
4330803 
2461448 
423503 
14708 
null
6291188 
286507 
40909 
1086940 
1667307 
6116 
1996046 
1605274 
2679 
5668 
073703 
2149 
8768 
2355167 
139189 
3814713 
1040620 
1792085 
171511 
4698839 
10359478 
395863 
4114588 
9299 
3746456 
1420823 
19777 
3554831 
168087 
2038958 
5190189 
4841326 
20010 
2845485 
26580 
38525 
68254 
244252 
44701 
139750 
null
5469421 
2298 
null
005516 
5477885 
0943 
7111429 
8843033 
33949 
2738270 
67131 
15036583 
7507733 
null
122271 
2571318 
120341 
327352 
12609 
4270176 
15457539 
722081 
59 
645209 
350634 
1957678 
5239122 
975718 
829 
2728343 
2728343 
2728343 
15155640 
622322 
513255 
714354 
477 
24055 
5974 
2307984 
204389 
671083 
157445 
null
2944 
558801 
26157 
527 
10451 
35868 
287113 
160326 
7573601 
1150423 
5382409 
69344 
9032308 
133502 
125628 
35851 
151316 
70165 
910203 
2182033 
932929 
19951 
17096 
39154 
5780 
5769436 
7538875 
0553827 
17049386 
4835872 
852 
1865140 
1114082 
94517 
685891 
489818 
170146 
14755401 
10247 
333624 
7724 
747724 
417109 
187580 
194641 
112394 
160317 
471700 
15728 
16396373 
964 
9925657 
4760 
360935 
7746515 
946296 
1304537 
252785 
66448 
3096839 
940030 
269318 
0301600 
1174341 
379338 
797 
56037 
5140634 
5253 
116382 
116382 
8915 
276982 
102862 
 
1303515 
276252 
276252 
737923 
75079 
173731 
83921205 
30087265 
286763 
39097 
2511822 
22667 
4178339 
31353 
409067 
1265543 
10216508 
60067 
43485 
57304 
33865 
24803 
3919804 
83925 
638069 
283884 
345127 
4900 
9068 
825439 
158442 
780380 
51244 
6134 
28461 
17732 
17732 
266677 
99464 
91778 
1672264 
3576773 
350 
6429133 
37147 
137158 
13150 
608 
9780988 
645798 
28 
81144 
112354 
7610598 
69 
1256576 
7020 
556780 
3386632 
398015 
2611367 
64657 
1697377 
776583 
13543 
13543 
450455 
3583 
33841 
1059309 
207628 
30870 
14678286 
44201 
4132757 
15374 
376004 
null
144000 
5253 
48359 
8267427 
7642533 
null
403710 
12800416 
109729 
17415 
80221 
80221 
2745876 
1413101 
62956 
526676 
37595 
7751 
1059307 
444298 
3225128 
779491 
208821 
576171 
94807 
1073811 
null
67427 
34889 
020457 
8076 
91765 
836901 
807246 
2019278 
237142 
null
06045 
39090 
9095437 
4658 
2466 
428992 
39237 
280811 
25897631 
269677 
23409 
272574 
2332584 
2089 
34979 
7630 
15155640 
419871 
1040773 
5866 
null
5556974 
13155 
33482 
64964 
27821 
7307620 
435099 
7281 
280847 
4844335 
21695 
816075 
6580332 
849895 
7226 
null
6665381 
80939 
0809 
0809 
110634 
3749 
380981 
115303 
15563 
11099 
2228261 
666883 
1141162 
18061 
2950154 
23740 
242583 
367878 
0678 
49 
null
481 
425959 
801847 
367460 
1094912 
352761 
60833 
null
10239956 
208032 
197932 
147227 
680925 
5635239 
null
1815722 
29826 
1479895 
342343 
43117 
270073 
4016215 
988798 
17894284 
450621 
1023290 
66118 
0156 
269283 
59863 
null
20473528 
454 
26 
9285 
248429 
357628 
3095 
7887 
73163 
174696 
2996448 
4363 
62446 
11600 
5320 
239283 
1313926 
1533 
14158 
1246483 
801551 
15706292 
626708 
57841 
1047197 
13491705 
64090 
1613023 
22847077 
2574897 
080045 
564512 
3358144 
1138469 
2875353 
2125 
565165 
81 
82067 
570394 
44929 
145113 
913176 
8629 
5117 
4712 
163864 
4359750 
26360844 
459258 
5707543 
null
6379 
2087 
11718 
250395 
11614 
5619861 
150268 
19122136 
293 
669213 
4113679 
6590362 
1152613 
53111 
487161 
1146240 
2447513 
2108749 
48926 
73109 
28108 
3307467 
62515 
549644 
074 
1657089 
175764 
450755 
426977 
426977 
7750 
21735 
null
1304452 
36112639 
null
98368 
5991091 
35 
41161 
41161 
9025920 
96796 
24973376 
23618 
23618 
952045 
58448 
88533 
88533 
1795322 
191137 
71233 
41341 
5901 
5056247 
8420 
27109 
1402294 
17092997 
382788 
125174 
3449 
9109 
387986 
4696 
216986 
59600 
43832 
340375 
17414 
112504 
1163563 
56877 
39060 
1559 
1940 
11053 
308396 
221532 
21583 
209606 
353246 
24548 
16834 
8941597 
106307 
280019 
2172963 
8207019 
7093585 
2119 
860571 
2091045 
1836 
00507 
53497 
17089 
817693 
27905344 
74528 
7814 
1440953 
34299 
1440953 
308260 
326428 
9353749 
0185557 
927164 
245533 
1715 
23001 
1510054 
1486243 
47487 
9555 
4827835 
13248228 
41414 
1944048 
123123 
null
18623 
16589 
121705 
4083960 
190529 
1107241 
8358 
488 
23711 
null
1450187 
1172970 
98182 
466122 
367769 
033 
1325274 
134872 
4118280 
91072 
481571 
457162 
3927633 
8946527 
2967 
10046550 
33156 
47018 
3868031 
102301 
1311204 
8728 
327674 
4484 
16241 
344694 
null
1048234 
98993 
218432 
28737 
8646944 
64105 
55106 
45401 
6295592 
55215 
4976 
7768845 
352298 
1157636 
6555303 
28422 
2837 
2837 
23357 
885 
6069 
3100487 
113711 
71387 
931165 
226367 
0978 
9431197 
1962 
9431197 
1022169 
163359 
218226 
20684 
91242 
80283 
9124 
624824 
879578 
879578 
1029 
7156 
48668 
1341724 
2637144 
28379331 
6599540 
2609277 
153234 
381239 
null
11341003 
1276487 
443 
15265 
321989 
10520876 
null
56403 
454276 
9842 
6452 
85293 
2873 
 
170237 
4552628 
12967579 
32072 
60268 
1042065 
2623987 
81402 
1924245 
7800208 
7895 
7837 
3800056 
102342 
391175 
405121 
359622 
491651 
34945 
30086965 
122542 
1864266 
766127 
818309 
1433 
9677 
24171511
43311
12799
9438378
15790
20907
119684
119684
6314473
759647
572
538238
7967622
2663698
2952782
4832
13125
835924
1778
2455527
3277
7109
756194
23185
12026
239756
30132
329340
26559325
53
331585
null
671445
671445
25214
196045
4245422
249474
8377820
18279
355203
181493
29312
5408
632384
339340
440966
52
1399612
520572
23897
24130
159178
68775
336
1270186
91017
222919
71961
3841
6019271
86240
8034
24071
58082
31006
711848
641243
1644106
126547
79266
191898
542714
9303162
531378
15602884
641243
1644741